30
30
5.522633301580249
-0.6594342696852974
-0.5817586694333649
-0.3259779420721609
0.02100405262405022
-0.41184606192506945
-0.8904313759585111
0.41078629187925
-0.6215360336993921
-0.46752271794226646
0.02974652443976025
-0.23672525704283562
0.22811093362401685
-0.14612840704989027
-0.2214501899560936
0.3393674701273244
0.1146029996202297
0.06357354561095152
-0.5062378891856394
1.377003289216403
1.063994244997242
0.818784006237648
-0.6041397078437148
-0.22161735649163408
-0.14328071601995432
0.24270770016679516
0.37039212386174164
0.34048616097685697
-0.8462094781774021
0.05883370906665023
-0.6594342696852973
5.19648243706462
0.15337066880142147
-0.020321679698901623
0.24466072524888832
-0.3625642815072703
-0.7376900777396258
-0.12803298953224213
-0.15985454847068542
0.13117556712560652
-0.5828882479823266
0.005751467114811238
-0.12290785796622705
-0.4581708725998536
0.44189057865945036
-0.5442392312226196
-0.39257250821328876
0.6680469569414564
-0.39622739137349733
-0.07609344976708157
-0.09058927484244027
0.14986814774313223
0.2558970060687072
0.4119794690022385
0.23694292018094126
-0.5565751055365743
-0.5488231861887649
0.17199885863959413
-0.39256301262735616
-0.5176391545909612
-0.5817586694333646
0.15337066880142153
5.57726166208002
0.20126360377255748
0.30535068047170455
-0.1521078150481663
-0.3920899711864667
-0.024900228992808703
-0.19978251587238643
0.1326201115171705
-0.20655021254779762
-0.5457150164785621
0.7053577102735986
0.7506642930494435
-0.4620301532085804
-0.11588486370571785
-0.5726630528358839
-0.36870725700728496
0.05939835884074554
-0.360139456155493
0.22673754830472403
-0.3522025480619179
-1.193699855764809
-0.5931685576838446
-0.5825681413862389
0.11822639791820654
0.5985419511872043
0.3597353779477822
-0.027997207681384754
-0.35440728549332373
-0.32597794207216074
-0.020321679698901602
0.20126360377255748
5.669859337647435
-1.3658218241094897
0.6469088831890855
-0.7541826618531366
0.27483823750786274
0.18515522787168054
0.015228520759952208
-0.08723360446474719
-0.46811850014681206
-0.16865343867616148
0.4047882180470957
-0.18849353518842146
0.2973524538365951
-0.42028071564968095
-0.7541261672423885
-0.21150350793509753
-0.05082583121199238
0.4469084964654892
-0.9278707988351134
-0.8497790658600773
0.10389205900471497
-0.3659303182805709
0.7461833826364013
-0.5925512601186014
-0.2813009145959988
0.072495617517318
-0.3629853469719081
0.021004052624050255
0.2446607252488884
0.30535068047170466
-1.3658218241094895
5.615900547765374
0.6276318832494172
-0.7705141195369812
0.9031453310005427
0.32847676462286185
-0.25180188251000424
-0.5066855388322333
-0.5341655907772788
-0.9632378662134555
0.03185281334629769
0.7162022496630341
-0.7382052686575756
-0.6661279760549075
-0.07748387372922776
0.1848218347085612
-0.25240623415443797
-0.14095463954892357
0.06704341180300202
-0.03285895475938657
-0.723384009304767
-0.4703499473257535
0.7201641645010802
0.9360613892273115
0.4737638550849319
-0.4741260926566863
-0.1262254880071919
-0.4118460619250695
-0.36256428150727044
-0.15210781504816623
0.6469088831890853
0.6276318832494172
5.020062890246746
-0.4331947430612304
-0.3852977549442704
0.3156709187652496
-0.45447617616635083
0.17574672454774917
-0.21862019247855316
0.278791087814714
-0.8921689869946376
0.026326655216877694
0.05966249610727618
-0.3372897337379795
-0.47404703314605123
-0.47936764522936837
-0.5846332406011927
-1.1035856186797235
-0.22472203454317322
0.20636789369989336
-0.29001726285959345
-0.1280984020797572
-0.13172193438038945
-0.060958060661956075
-0.045221801732074
0.23687771918193956
-0.14910530347113182
-0.8904313759585111
-0.7376900777396258
-0.3920899711864666
-0.7541826618531364
-0.770514119536981
-0.4331947430612305
6.3819920337679035
-0.34994790478383975
-0.14731888268502985
-0.9815588633880359
0.6070323457576324
0.03338574235553184
0.10548176094527716
0.10312586070426116
-0.47041292770146925
0.23856142326119462
-0.35714980299205007
-0.4123607301494553
-0.17271078739310297
0.13313112669280666
0.6202988652483608
-0.11979482636433922
0.27867161195287005
-0.216394319746936
0.08200998808116274
0.07433193407466257
-0.13499818112946987
1.3196004087264974
0.4058685416720365
1.0259601888124033
0.4107862918792499
-0.12803298953224213
-0.02490022899280867
0.2748382375078627
0.9031453310005427
-0.3852977549442704
-0.3499479047838396
5.9523548188107105
-0.7266882594428461
0.301910556298592
0.5190911444370726
0.4822088180174838
0.41461864849953023
0.41506748562741164
-0.7938340510672451
-0.3393720196411038
-1.0813408029099327
-0.006511900645801072
0.24916172005733306
0.02980004657997017
0.2207901425885415
-0.32096789182463953
-0.7405719756722029
0.35888748953833866
0.2329009576803175
-0.30696901547609917
-0.12175331997694762
-0.3575207251264443
-0.3050555668630988
-0.30535268787616426
-0.6215360336993921
-0.1598545484706854
-0.19978251587238646
0.1851552278716806
0.3284767646228619
0.31567091876524966
-0.1473188826850299
-0.726688259442846
5.948422606419755
-0.24634912570919237
0.2342936252751934
0.9910203289062937
0.06303479663258411
0.38941250466602007
-0.44652900559652103
-0.06505245287087798
0.9588548062763277
0.6301147336145569
-0.4305608832071194
-0.34552478688434757
0.7104303112400377
-0.25136200767304645
0.7579673110341351
-1.1000475260677822
-0.4036309583709621
0.2714804330572177
-1.1332602441265147
-0.12338295247551795
-0.1686591388466039
0.38692700927773477
-0.4675227179422667
0.13117556712560657
0.13262011151717057
0.01522852075995241
-0.2518018825100041
-0.45447617616635083
-0.9815588633880359
0.30191055629859215
-0.24634912570919218
5.278053910733938
-0.6140869049381164
0.40181473819163144
-0.5823587127400294
0.1470403736982403
0.22418971818366984
1.079758184483686
-0.9873930886523703
0.034815615792319614
0.45958199579259434
-0.22126776251637842
0.3883937123939894
-0.34907828447905465
0.6337471644473794
0.27352185852196137
0.06143963201877876
0.25758484701156903
-0.5324442755214471
-0.32837540670903165
0.7628192957922691
0.2406226189513331
0.029746524439760214
-0.5828882479823269
-0.20655021254779765
-0.08723360446474708
-0.5066855388322333
0.17574672454774928
0.6070323457576324
0.5190911444370726
0.2342936252751935
-0.6140869049381166
6.117938661891098
0.2633024637160997
0.6915556050767652
-0.2898691140630141
0.35392905176232103
-0.16058112732558735
0.20837661048660094
0.1265067201888239
0.18935227503628177
-0.11895163084942471
0.16188901059023447
-0.4894000060167245
-0.2383423771024645
0.44224706373770556
0.24821994925773785
-0.08783538045022779
-0.24991845635411175
-0.7135863024126152
-0.5333635177577214
0.3983754449059971
-0.23672525704283545
0.005751467114811294
-0.5457150164785621
-0.46811850014681217
-0.5341655907772788
-0.2186201924785531
0.03338574235553183
0.4822088180174838
0.9910203289062937
0.40181473819163144
0.26330246371609983
4.913793470073701
0.2274005883145536
-0.09683172245156278
0.6541421005075602
0.4884603438669704
-0.4001569085652195
0.9819945990764516
0.2071020026798911
0.028291378554316973
0.6060154751249951
-0.2879560691338381
0.16515355684679833
-0.7221117073569338
-0.2564345495337772
0.3365432008219327
-0.2792997539447721
0.6503805371538051
0.2612321410285394
-0.6549867120954209
0.22811093362401708
-0.12290785796622694
0.7053577102735986
-0.16865343867616164
-0.9632378662134555
0.2787910878147141
0.10548176094527732
0.41461864849953034
0.06303479663258386
-0.5823587127400294
0.6915556050767652
0.2274005883145536
5.668749117386033
-0.24879593245020173
0.14115531786504718
-0.4412235819612542
-0.6238663942680538
-0.421214600133726
-0.03852450925744171
-0.6357322674321073
0.19562085197728252
0.1312526890824261
0.4257420973178774
0.014570155647748344
-0.467352419529714
0.37080812027979987
0.40160496762154396
-0.14487587259219062
-0.17310096442721792
-0.04328753175270518
-0.14612840704989016
-0.45817087259985356
0.7506642930494436
0.4047882180470958
0.03185281334629755
-0.8921689869946374
0.10312586070426112
0.41506748562741164
0.38941250466602
0.1470403736982402
-0.28986911406301424
-0.09683172245156302
-0.24879593245020168
5.010342291496112
0.08378517649900388
0.0413769929029962
0.14995786827870228
-1.1941344361820887
0.33192596138203795
-0.7724717996004895
0.9667253630688022
-0.5343377129849501
0.37533161363863954
0.0735830149056696
-0.3808856793776588
-0.7582822498916973
0.37640065002795947
0.3619438000445419
0.2570900495536861
-1.1035624867026939
-0.22145018995609364
0.4418905786594505
-0.4620301532085804
-0.18849353518842157
0.7162022496630341
0.02632665521687758
-0.47041292770146936
-0.7938340510672449
-0.44652900559652114
0.22418971818366984
0.35392905176232103
0.6541421005075603
0.1411553178650471
0.083785176499004
4.796248991573397
-0.16812373782453213
-0.07400493339400828
0.8926161600029756
-0.057006653669041486
0.6066659033106143
0.3353950771299128
0.06514608833690633
-0.23160470320130505
0.3080744148686206
0.36840310300962287
0.4563690549596372
0.15281506401587902
0.39318232947136234
0.03766886828479936
-0.5954588300961
0.33936747012732427
-0.5442392312226199
-0.11588486370571778
0.29735245383659503
-0.738205268657576
0.059662496107276086
0.23856142326119462
-0.33937201964110375
-0.06505245287087788
1.079758184483686
-0.1605811273255872
0.4884603438669705
-0.4412235819612542
0.04137699290299622
-0.16812373782453227
6.742226688699224
0.3369600710968527
-0.586292714519905
0.9876697987682026
-0.308083434505792
0.024642046248507837
-0.08159591241538038
-0.26055689578236735
0.6694094277789702
-1.0068528442590527
0.06379787643169099
-0.16605594235682125
-0.12400500094831543
-0.2844097640493511
0.012135080163802955
0.11460299962022956
-0.3925725082132889
-0.572663052835884
-0.42028071564968095
-0.6661279760549075
-0.3372897337379794
-0.3571498029920501
-1.0813408029099323
0.9588548062763277
-0.9873930886523702
0.20837661048660094
-0.4001569085652195
-0.6238663942680538
0.14995786827870233
-0.07400493339400818
0.3369600710968525
5.606313023401383
0.980302756693572
0.18437317706912323
0.10217454282768543
-0.289019553728813
-1.0589882965901016
0.047319431680070786
0.8177592906674175
-0.43481457529282264
0.28499342341314593
-0.9346522047951603
0.6991166361968127
-0.2856138377758223
-0.09381359685423493
0.06357354561095152
0.6680469569414563
-0.3687072570072848
-0.7541261672423885
-0.07748387372922765
-0.47404703314605134
-0.41236073014945535
-0.006511900645801106
0.6301147336145568
0.034815615792319725
0.12650672018882395
0.9819945990764517
-0.42121460013372597
-1.1941344361820885
0.8926161600029756
-0.586292714519905
0.9803027566935719
4.753830880221044
-0.5464620116958373
-0.31327931939302084
-0.2744290484754779
-0.3655147426792056
-0.278932572001628
-0.05300493350259754
0.18175023642713792
0.15445236142207855
-0.22445760858014413
0.2895157967995884
-0.9308422906933808
0.5891420880686423
-0.5062378891856394
-0.3962273913734974
0.059398358840745416
-0.21150350793509756
0.18482183470856106
-0.4793676452293684
-0.17271078739310325
0.249161720057333
-0.4305608832071194
0.45958199579259446
0.18935227503628183
0.20710200267989098
-0.03852450925744167
0.33192596138203795
-0.057006653669041625
0.9876697987682027
0.18437317706912315
-0.5464620116958373
5.501218321545727
0.6023600113664795
0.3143543618497193
-0.029069614313205566
-1.0170983793838326
-0.4891384861719253
-0.24436078448464493
0.2245551544747608
-0.23812290789734777
0.4228856365926694
-0.06567746051614741
0.7527307376253688
1.377003289216403
-0.07609344976708168
-0.36013945615549314
-0.05082583121199247
-0.25240623415443764
-0.5846332406011925
0.13313112669280672
0.02980004657997012
-0.34552478688434746
-0.2212677625163783
-0.11895163084942456
0.028291378554316966
-0.6357322674321074
-0.7724717996004896
0.6066659033106143
-0.308083434505792
0.10217454282768534
-0.313279319393021
0.6023600113664797
5.6859558444108185
0.09024532717728923
-0.40618646078461973
-0.03654527733299784
-1.3407320196608306
0.37092565106053554
0.14562847027129983
-0.27145094494772487
0.5102598258056661
0.779375590130814
-0.2037101741117906
1.063994244997242
-0.09058927484244016
0.22673754830472403
0.4469084964654893
-0.14095463954892348
-1.1035856186797235
0.6202988652483606
0.22079014258854143
0.7104303112400377
0.3883937123939894
0.1618890105902346
0.6060154751249952
0.19562085197728254
0.9667253630688019
0.33539507712991273
0.024642046248507934
-0.28901955372881305
-0.2744290484754779
0.3143543618497194
0.09024532717728921
4.536129969710644
0.762276094572141
-0.005418581017104516
-0.9108976917946293
0.3265605552694627
0.030992765888268235
0.10539047461461425
0.16855950519691493
0.7320646522238397
0.38870826588398777
0.818784006237648
0.14986814774313212
-0.35220254806191786
-0.9278707988351131
0.067043411803002
-0.2247220345431732
-0.11979482636433927
-0.32096789182463964
-0.25136200767304634
-0.34907828447905465
-0.48940000601672423
-0.28795606913383814
0.13125268908242624
-0.5343377129849501
0.0651460883369063
-0.0815959124153804
-1.0589882965901014
-0.36551474267920564
-0.029069614313205577
-0.4061864607846199
0.762276094572141
5.8582026861477825
0.4464997336667522
0.1305057435341227
-0.3336113740443979
-0.6398421110401178
-0.014594242146767033
-0.5354851913700219
0.213762245648166
0.17729959686909702
-0.6041397078437148
0.25589700606870736
-1.1936998557648093
-0.8497790658600772
-0.032858954759386494
0.20636789369989336
0.27867161195286994
-0.7405719756722028
0.7579673110341351
0.6337471644473794
-0.2383423771024644
0.1651535568467982
0.42574209731787743
0.3753316136386396
-0.2316047032013054
-0.2605568957823671
0.047319431680070974
-0.278932572001628
-1.0170983793838326
-0.036545277332997964
-0.005418581017104379
0.44649973366675233
7.0583241894708335
0.06258706047690192
-0.17329202734164537
0.6981407748040439
-0.3259932743341438
0.026155235749413596
0.5547904415170163
-0.9558593037712174
-0.22161735649163383
0.4119794690022385
-0.5931685576838447
0.10389205900471492
-0.7233840093047671
-0.2900172628595935
-0.2163943197469358
0.35888748953833843
-1.1000475260677824
0.27352185852196126
0.4422470637377056
-0.7221117073569336
0.014570155647748346
0.0735830149056697
0.3080744148686205
0.6694094277789702
0.8177592906674175
-0.05300493350259754
-0.489138486171925
-1.3407320196608306
-0.9108976917946295
0.13050574353412278
0.06258706047690178
6.442922404532037
-0.2464645493277284
-0.3245541722114055
-0.06669539717986037
0.18937337149107258
0.7279634244284011
0.4367818324651528
-0.14328071601995446
0.23694292018094137
-0.5825681413862389
-0.365930318280571
-0.47034994732575347
-0.1280984020797573
0.08200998808116268
0.2329009576803176
-0.40363095837096225
0.06143963201877886
0.24821994925773774
-0.25643454953377726
-0.46735241952971407
-0.38088567937765877
0.3684031030096229
-1.0068528442590525
-0.43481457529282264
0.18175023642713795
-0.24436078448464513
0.37092565106053543
0.3265605552694625
-0.3336113740443978
-0.17329202734164534
-0.2464645493277284
4.241967258960038
-0.036977140261166844
-0.30487221943067294
-0.7443239437899906
-0.21816796131798025
-1.3617572823987905
0.2427077001667952
-0.5565751055365741
0.11822639791820642
0.7461833826364013
0.7201641645010801
-0.13172193438038907
0.0743319340746626
-0.30696901547609917
0.27148043305721775
0.2575848470115691
-0.08783538045022785
0.33654320082193245
0.37080812027979976
-0.7582822498916973
0.4563690549596372
0.06379787643169113
0.284993423413146
0.15445236142207866
0.22455515447476074
0.14562847027129977
0.030992765888268308
-0.6398421110401178
0.6981407748040439
-0.3245541722114054
-0.03697714026116702
5.129331912991945
0.039331065273170526
-0.22192682783638198
0.39629841874438554
0.135645846846443
0.37039212386174164
-0.548823186188765
0.5985419511872044
-0.5925512601186014
0.9360613892273114
-0.060958060661956005
-0.13499818112946957
-0.12175331997694762
-1.1332602441265147
-0.532444275521447
-0.24991845635411156
-0.279299753944772
0.4016049676215439
0.37640065002795936
0.15281506401587897
-0.16605594235682125
-0.9346522047951603
-0.22445760858014427
-0.23812290789734764
-0.27145094494772487
0.10539047461461427
-0.014594242146766873
-0.3259932743341439
-0.06669539717986042
-0.304872219430673
0.03933106527317064
4.380520709983964
0.05355450448821886
0.5405058733126786
0.18401167052133163
0.3404861609768571
0.17199885863959408
0.35973537794778215
-0.2813009145959989
0.47376385508493185
-0.04522180173207401
1.3196004087264974
-0.3575207251264442
-0.12338295247551816
-0.3283754067090318
-0.7135863024126151
0.650380537153805
-0.14487587259219076
0.36194380004454213
0.3931823294713624
-0.1240050009483155
0.6991166361968129
0.28951579679958844
0.4228856365926694
0.5102598258056662
0.16855950519691495
-0.5354851913700218
0.02615523574941357
0.18937337149107236
-0.7443239437899904
-0.2219268278363821
0.05355450448821886
5.771182486553151
-0.3734540661332962
-0.2515401968263895
-0.8462094781774021
-0.3925630126273562
-0.027997207681384712
0.072495617517318
-0.4741260926566863
0.23687771918193945
0.4058685416720366
-0.3050555668630988
-0.168659138846604
0.7628192957922691
-0.5333635177577214
0.2612321410285394
-0.17310096442721803
0.25709004955368603
0.03766886828479946
-0.2844097640493511
-0.28561383777582217
-0.9308422906933808
-0.06567746051614728
0.7793755901308138
0.7320646522238397
0.213762245648166
0.5547904415170163
0.7279634244284011
-0.21816796131798022
0.39629841874438576
0.5405058733126786
-0.3734540661332962
4.790166466498635
-0.25573710488002205
0.05883370906665016
-0.5176391545909612
-0.35440728549332373
-0.36298534697190815
-0.12622548800719188
-0.14910530347113182
1.0259601888124033
-0.3053526878761643
0.3869270092777347
0.24062261895133308
0.39837544490599724
-0.654986712095421
-0.04328753175270524
-1.1035624867026939
-0.5954588300961
0.012135080163802818
-0.09381359685423478
0.5891420880686424
0.7527307376253689
-0.20371017411179057
0.3887082658839878
0.17729959686909688
-0.9558593037712172
0.4367818324651527
-1.3617572823987905
0.13564584684644312
0.18401167052133163
-0.2515401968263894
-0.25573710488002194
5.831611078335679
end